.wavelength	spc
185.49798	329.199875872168
185.78298	75.6629804538979
186.069	269.142450057545
186.35502	317.62250273127
186.64098	287.10189779038
186.92598	413.566236960368
187.212	299.046235747375
187.49802	534.525615494551
187.78302	353.988106367615
188.06898	219.464411420996
188.355	474.940135490847
188.64102	493.414038410958
188.92602	99.8698763011971
189.21198	518.338306373054
189.498	-43.1950481747663
189.78402	498.268574017765
190.06902	-252.287027843743
190.35498	-165.831314426951
190.641	91.6211769440256
190.926	-112.946875377696
191.21202	60.4957199650712
191.49798	48.9316288436007
191.784	114.3621791895
192.069	136.770142927391
192.35502	-146.813460260063
192.64098	25.5941236999311
192.92598	254.978534926946
193.212	320.369698873845
193.49802	-108.248625011845
193.78398	-184.877886350658
194.06898	-207.532317666791
194.355	77.8177359689707
194.64102	-75.8438253639365
194.92602	-232.532914527438
195.21198	1.77992232563429
195.498	342.080543557082
195.78402	15.3675417797872
196.06902	-126.374796303202
196.35498	-267.117386155219
196.641	-295.874205669454
196.926	459.338301302369
197.21202	-18.4502121983842
197.49798	-179.256229999006
197.784	109.921506818742
198.069	163.066811585523
198.35502	-343.791143683605
198.64098	-67.6685906763482
198.92598	249.421110766192
199.212	-64.4940653854255
199.49802	-105.429210850482
199.78398	94.6144075740449
200.06898	-400.376245349186
200.355	34.6262589946605
200.64102	-266.392886526232
200.92698	34.5650694410906
201.21198	-104.512629757415
201.498	-248.599160777603
201.78402	7.2909777861737
202.06902	-322.856380154905
202.35498	-125.014880537668
202.641	-220.197162781386
202.92702	-347.404455992437
203.21202	-431.650530485835
203.49798	-223.909519495623
203.784	-159.193515652459
204.069	130.483398485196
204.35502	-18.8526395589524
204.64098	143.784222016291
204.927	167.395327431014
205.212	-228.03300612425
205.49802	26.5246055222929
205.78398	-93.945587910423
206.06898	-306.454731912801
206.355	96.021235786448
206.64102	-91.5304090789573
206.92698	-142.110563112624
207.21198	-291.730021841393
207.498	198.634518927356
207.78402	335.970771175839
208.06902	-213.733141489394
208.35498	-263.454441265342
208.641	163.796269767853
208.92702	87.0181699761802
209.21202	-194.800206442736
209.49798	317.363123256378
209.784	-43.5020826921736
210.07002	-213.396621770188
210.35502	-185.331541745472
210.64098	-242.285669379632
210.927	-234.268879556117
211.212	83.707456074841
211.49802	-116.335488501
211.78398	-126.409139745851
212.07	-43.5122976283219
212.355	-96.6557564241907
212.64102	-194.819076726575
212.92698	-40.0131286940109
213.21198	129.75341020211
213.498	6.49974323663582
213.78402	145.21590790512
214.06998	-32.0986635187305
214.35498	-272.452269037458
214.641	23.1734599269321
214.92702	-29.2310091924573
215.21202	-232.674778578863
215.49798	-168.140087075355
215.784	-153.63508093984
216.07002	-160.160289830217
216.35502	-43.7243218127205
216.64098	408.68982514302
216.927	-134.925538623306
217.212	-291.579197690338
217.49802	-221.254288184895
217.78398	556.040329981163
218.07	177.305688924583
218.355	21.5334530621103
218.64102	-367.260362493296
218.92698	-159.084167961588
219.21198	-92.9445859121611
219.498	-19.8266921339182
219.78402	-137.738127362959
220.06998	170.320748689734
220.35498	-81.6563063193812
220.641	-139.655115623175
220.92702	-119.682826368043
221.21298	-197.739698422847
221.49798	300.16845011332
221.784	-220.944988749386
222.07002	-192.08675027488
222.35502	-408.263166071942
222.64098	254.538586171773
222.927	-44.6871693221337
223.21302	-58.9406687005389
223.49802	-25.2278481868252
223.78398	199.463344833307
224.07	34.1275856359109
224.355	-132.241128687246
224.64102	105.369045123056
224.92698	56.9521473141413
225.213	-530.490879278554
225.498	-22.9655039414636
225.78402	-337.460530473174
226.06998	-191.981493747553
226.35498	-194.532635115994
226.641	-39.1036190848754
226.92702	58.3006024714994
227.21298	-71.3199787714191
227.49798	-20.9692965851514
227.784	-257.637697194184
228.07002	592.670220880374
228.35502	-56.0498033760089
228.64098	-104.788592527004
228.927	-20.5499679669051
229.21302	676.666048710234
229.49802	30.8554790262547
229.78398	-231.973168551507
230.07	104.17653965449
230.35602	-205.695405613681
230.64102	150.407325754989
230.92698	18.4926395983689
231.213	108.557245481616
231.498	137.597466029835
231.78402	23.620985150616
232.06998	32.624073646399
232.356	-14.3926087617529
232.641	79.5675626935497
232.92702	-160.488301063086
233.21298	268.436366816304
233.49798	214.338954112611
233.784	-203.774087339599
234.07002	-71.905833968302
234.35598	-0.0562743034060986
234.64098	-240.227796691273
234.927	-24.4144639287701
235.21302	184.38091412895
235.49802	76.1557835175277
235.78398	-212.084279710831
236.07	156.658426319467
236.35602	114.383928116691
236.64102	198.089916898387
236.92698	-178.21851005804
237.213	194.456568293135
237.498	-86.8871302369773
237.78402	220.755262429496
238.06998	60.3814059331783
238.356	71.9917304460243
238.641	-278.415822038839
238.92702	-214.836843894805
239.21298	71.7265673341303
239.49798	-166.727112703267
239.784	200.806073614055
240.07002	-167.675688669371
240.35598	-192.172336181165
240.64098	28.3147921749255
240.927	188.789243004345
241.21302	409.249414388436
241.49898	23.6953816699347
241.78398	0.125982978175216
242.07	-306.455619539601
242.35602	-155.050784072916
242.64102	203.339332434768
242.92698	-281.282340541162
243.213	95.083151566876
243.49902	103.435943729987
243.78402	91.7750599947437
244.06998	-313.896924751865
244.356	-276.580892990707
244.641	-69.2777631376107
244.92702	31.0148496596687
245.21298	32.295997447005
245.499	-156.433986111413
245.784	-222.175850014147
246.07002	98.0724685304799
246.35598	1050.31017967392
246.64098	276.536738971021
246.927	-190.246148493056
247.21302	-146.039177269636
247.49898	322.157747138438
247.78398	-157.655807714586
248.07	775.521584737949
248.35602	-136.310625528493
248.64102	94.8471483196861
248.92698	-321.003860305292
249.213	164.13596440425
249.49902	-154.733275011658
249.78402	-204.611862544312
250.06998	-274.498817566664
250.356	113.605591740283
250.64202	-33.2985321170108
250.92702	-126.211389465913
251.21298	161.867716440372
251.499	-331.061419105656
251.784	616.001066237688
252.07002	-74.9442915486145
252.35598	105.102349416039
252.642	151.141097670183
252.927	178.171935036974
253.21302	-322.804829035494
253.49898	183.210767710264
253.78398	690.218805371777
254.07	120.219426128862
254.35602	124.212676791061
254.64198	-445.80134995934
254.92698	-82.8224950278416
255.213	194.149119003346
255.49902	-450.886430843115
255.78402	94.0710345551597
256.06998	151.021236055544
256.356	286.964306408502
256.64202	118.900269476276
256.92702	-166.170594330926
257.21298	-27.2487609869409
257.499	109.665991843952
257.784	-98.4259643562448
258.07002	-427.525273680905
258.35598	176.368417615402
258.642	43.2550790803937
258.927	-35.8648120166258
259.21302	-57.9920932752884
259.49898	-58.1262727926337
259.78398	-22.2668387576753
260.07	-0.414717200764244
260.35602	-104.569364415785
260.64198	181.269307002106
260.92698	-172.898106818473
261.213	172.927281636563
261.49902	151.746112537011
261.78498	-302.441521215101
262.06998	44.3650581704946
262.356	277.164557595482
262.64202	-153.042289316774
262.92702	321.745341505208
263.21298	312.526029309355
263.499	369.300464921046
263.78502	73.0686522823862
264.07002	-102.168608419077
264.35598	-239.4130236124
264.642	306.336081729867
264.927	-201.920372576803
265.21302	109.815717697439
265.49898	222.545255952184
265.785	-262.73193157458
266.07	-9.01482457536508
266.35602	146.694491934285
266.64198	-306.602978760577
266.92698	-121.906323706608
267.213	27.7822873823256
267.49902	266.463867527781
267.78498	-116.861568745728
268.06998	-25.1929905527466
268.356	-179.532728203932
268.64202	299.120366094159
268.92702	65.7675422941682
269.21298	-22.5936740967256
269.499	-100.962210401521
269.78502	-255.338017230676
270.07002	-56.7197410173005
270.35598	-66.1100570008655
270.642	-323.507801466885
270.92802	-13.9129189309026
271.21302	168.676049248603
271.49898	-202.743775749345
271.785	-131.171137884204
272.07	-383.604384947059
272.35602	-183.046510088009
272.64198	67.5042542108959
272.928	-13.9521453964132
273.213	-125.413815708687
273.49902	55.1160734795217
273.78498	-201.360601924458
274.06998	-81.8421717848792
274.356	-91.3318490137301
274.64202	-160.827786467439
274.92798	169.670257001711
275.21298	66.1640282101841
275.499	-128.349856898898
275.78502	234.130538034401
276.07002	272.607230890959
276.35598	-66.9232800850425
276.642	-25.4592325638046
276.92802	-43.0003964839664
277.21302	-287.544695572337
277.49898	64.9042092422601
277.785	-56.6518549963923
278.07	351.789354325163
278.35602	190.223956404989
278.64198	-97.3458179160125
278.928	-49.9200884410311
279.213	116.503453792018
279.49902	25.9208015220422
279.78498	159.334253139244
280.06998	190.745794676267
280.356	-210.848544375819
280.64202	110.553438032886
280.92798	150.951905588217
281.21298	106.348791452528
281.499	-171.260074983919
281.78502	112.12747899561
282.07098	46.5116036326806
282.35598	104.894276790205
282.642	51.271229143465
282.92802	-55.3553155771544
283.21302	-105.983083800904
283.49898	269.383584805407
283.785	-109.253314322598
284.07102	116.106371985664
284.35602	141.464965962784
284.64198	-32.1819668307926
284.928	-144.832384630192
285.213	99.5162211693919
285.49902	-224.140773027298
285.78498	-18.8008638313497
286.071	185.535710882552
286.356	-266.128488872463
286.64202	-84.7981783524622
286.92798	-10.470805445332
287.21298	-228.144197876347
287.499	-11.8229958930538
287.78502	-47.5047557247071
288.07098	51.8107056941644
288.35598	36.1255972917645
288.642	241.435197474524
288.92802	173.741992222871
289.21302	56.0485059506127
289.49898	-57.6500471772813
289.785	-296.351453536867
290.07102	-33.0555371105336
290.35602	209.240256837047
290.64198	-6.46893360718695
290.928	264.819139294274
291.213	56.1072063007023
291.49902	176.390201115879
291.78498	260.670848094097
292.071	-226.051124904994
292.356	-191.772949786675
292.64202	-14.4997636522567
292.92798	-271.228804512796
293.214	-131.960348574039
293.499	-92.6915948579381
293.78502	-138.427761294324
294.07098	-49.1660661641977
294.35598	-55.9041600364435
294.642	87.3528421276933
294.92802	-67.39240852335
295.21398	361.860258656081
295.49898	26.1132212202076
295.785	415.36130209064
296.07102	88.6071845213175
296.35602	492.853583098382
296.64198	-150.904723477196
296.928	104.334653395909
297.21402	125.571886204684
297.49902	84.8097200908899
297.78498	61.0428742363492
298.071	8.27373987743567
298.356	133.505123627366
298.64202	-214.268609371093
298.92798	343.955317179383
299.214	-107.823555948342
299.499	1.39759280068006
299.78502	-8.38694469184406
300.07098	-58.1743540154216
300.35598	410.037726580471
300.642	-319.756311040723
300.92802	48.4462137304804
301.21398	163.645335738145
301.49898	-81.1565380254294
301.785	-147.965112810635
302.07102	-24.7776590179101
302.35698	-23.5941320018076
302.64198	-11.4120407164924
302.928	74.7628367691223
303.21402	104.933325439061
303.49902	-171.897687173162
303.78498	-24.736067415547
304.071	-17.5792957125866
304.35702	-115.427291363047
304.64202	-364.277098892429
304.92798	309.86528489502
305.214	-232.997561906311
305.499	23.1375500778793
305.78502	-96.7356643723394
306.07098	364.385971040637
306.357	-60.4980069866228
306.642	47.6156805547919
306.92802	-163.279364921369
307.21398	-36.1798382652732
307.49898	-190.082921667178
307.785	174.005062614238
308.07102	44.0872899729686
308.35698	-285.836091802595
308.64198	-97.762191808946
308.928	108.302507731921
309.21402	-65.6387357426013
309.49902	-175.582580095153
309.78498	-3.53562708884988
310.071	73.5050440433254
310.35702	-113.460413932595
310.64202	188.571428468399
310.92798	287.593804276986
311.214	158.609728880243
311.499	-326.377074982817
311.78502	-249.373695340142
312.07098	18.6235747243418
312.357	71.6142897672357
312.642	-24.397731786582
312.92802	56.5802415293642
313.21398	82.5520120688348
313.5	-33.4828763121682
313.785	-191.520508015688
314.07102	35.4316651099957
314.35698	-102.622457656459
314.64198	-340.679548357923
314.928	-238.74697763706
315.21402	-113.820982347544
315.49998	75.0987212817477
315.78498	-86.9843597554122
316.071	8.92232037403528
316.35702	-327.177300848739
316.64202	148.72080386443
316.92798	3.60905359769276
317.214	197.490987008965
317.50002	230.36690936477
317.78502	80.2409336183446
318.07098	29.1053114667848
318.357	-338.036341749248
318.642	6.82038610129939
318.92802	-113.332615976239
319.21398	30.5090498348909
319.5	204.344964111817
319.785	218.179592609616
320.07102	-364.995369568476
320.35698	275.824523647314
320.64198	-169.356948217178
320.928	-151.547958258283
321.21402	40.2557492402866
321.49998	191.054463698476
321.78498	6.85203051179906
322.071	207.640131004135
322.35702	84.4230961735998
322.64298	-98.7987802549201
322.92798	-47.0215888664438
323.214	-202.25378984643
323.50002	-124.490979011833
323.78502	167.271325663412
324.07098	-204.975402311435
324.357	208.772812501202
324.64302	291.516308944155
324.92802	-68.740329593621
325.21398	-138.005754481957
325.5	-149.275929778355
325.785	-44.5459595478128
326.07102	-32.824856997252
326.35698	-209.107737192906
326.643	231.604939268341
326.928	290.31813150998
327.21402	347.022706230008
327.49998	278.723612333204
327.78498	69.4250367497771
328.071	-203.882017829977
328.35702	-368.193092649931
328.64298	27.49185480294
328.92798	0.17675380593937
329.214	1216.85223329519
329.50002	1947.52275793425
329.78502	382.192863003291
330.07098	113.85307777383
330.357	-77.492643578832
330.64302	-30.8442543916749
330.92802	-46.1971354518778
331.21398	-324.560916887327
331.5	-78.9315739928115
331.785	-39.3041304158087
332.07102	79.3113560505471
332.35698	-346.080171519269
332.643	-99.479609934991
332.928	-36.8819632304289
333.21402	155.702402934686
333.49998	-84.72153590071
333.786	459.845294041706
334.071	123.408022703162
334.35702	-108.043965515752
334.64298	-249.505564409126
334.92798	-74.9724474435197
335.214	-203.455136555525
335.50002	-153.948729052165
335.78598	36.54676320409
336.07098	-253.964191188014
336.357	-271.492420757884
336.64302	246.967158733065
336.92802	-225.58009083969
337.21398	27.8549138957833
337.5	-176.723140215475
337.78602	95.6859020850834
338.07102	-92.9123872752652
338.35698	25.4707206989419
338.643	-276.159927480525
338.928	137.201722267359
339.21402	-212.456228470563
339.49998	-50.1277600499388
339.786	91.1862543345769
340.071	-92.5079188321988
340.35702	49.7774224620262
340.64298	-6.95149146324911
340.92798	164.310686312325
341.214	-50.4483032360113
341.50002	127.777549369969
341.78598	209.98843752939
342.07098	-167.81010831907
342.357	-308.630771270388
342.64302	-99.4673258280473
342.92898	38.6804347294474
343.21398	17.8182434419991
343.5	-28.0670251842771
343.78602	579.031080822449
344.07102	-267.880749620944
344.35698	173.18402357977
344.643	106.231217006561
344.92902	425.261051305697
345.21402	71.2804594423678
345.49998	-285.724512789583
345.786	63.2521464350116
346.071	-154.782035108866
346.35702	-100.841821152228
346.64298	85.0802701115535
346.929	-94.0168371327627
347.214	90.8746675257926
347.50002	42.7394884258642
347.78598	54.585387958457
348.07098	96.4190467100893
348.357	-50.7747951024735
348.64302	-186.988623168898
348.92898	-599.222170594417
349.21398	-273.468502396809
349.5	638.256565660795
349.78602	-9.03917855266218
350.07102	-208.347695312931
350.35698	171.314713293577
350.643	-380.044980807619
350.92902	75.5734391050382
351.21402	-62.8216866112798
351.49998	-62.2472614063331
351.786	841.303957758385
352.071	1279.84106180778
352.35702	199.346150895439
352.64298	483.828257762489
352.929	254.286054347232
353.214	549.728989790077
353.50002	115.138490195651
353.78598	29.5239437884711
354.072	83.8839361883197
354.357	-188.771935717339
354.64302	-278.463226815329
354.92898	-90.1804506322164
355.21398	-352.915456058909
355.5	284.312202915846
355.78602	-234.488279882137
356.07198	-135.316853972428
356.35698	-72.1650061356504
356.643	138.946922881601
356.92902	-237.971472039642
357.21402	-24.9101638410066
357.49998	-166.890103221665
357.786	40.0973754148158
358.07202	-155.947652052961
358.35702	-398.014633820701
358.64298	2.87489834208009
358.929	119.730383590244
359.214	-89.4363085706818
359.50002	-570.648017606262
359.78598	-316.892958763008
360.072	-466.172666845432
360.357	-394.474758384531
360.64302	-49.8230420203672
360.92898	-431.205220778164
361.21398	-37.6106370231291
361.5	-28.0631329714961
361.78602	-190.550756069114
362.07198	-101.072936709488
362.35698	-89.6185729345007
362.643	-388.212475854656
362.92902	-123.842164894437
363.21402	-106.494644029297
363.49998	-41.1954168491952
363.786	-417.933168663231
364.07202	-2.7072669971235
364.35702	-377.504197842016
364.64298	869.649531828999
364.929	1993.7656916362
365.21502	1768.84494452332
365.50002	434.901330469926
365.78598	-59.0926763832367
366.072	-271.124844439677
366.357	-331.179900011887
366.64302	150.712991423205
366.92898	32.5689761171216
367.215	46.3860102337203
367.5	-160.820255624699
367.78602	-165.080266301781
368.07198	106.621531628306
368.35698	-555.70146082792
368.643	-309.079626296601
368.92902	-406.497901369772
369.21498	-582.955684290017
369.49998	-604.439064590215
369.786	-544.979539594238
370.07202	24.4385257182148
370.35702	-64.1686427483573
370.64298	-329.83337626098
370.929	-459.541556018632
371.21502	-52.2924524324935
371.50002	-118.068767949602
371.78598	172.096548049842
372.072	-119.781294123727
372.357	-92.6834446587472
372.64302	-328.644772489022
372.92898	-226.646533103308
373.215	-177.690604675159
373.5	-716.757514154267
373.78602	-115.883309801618
374.07198	56.9513783546577
374.358	84.7446035085131
374.643	-143.483551365506
374.92902	-167.770288705946
375.21498	-608.095626394818
375.49998	-482.442368430024
375.786	215.152567593955
376.07202	-375.291507443974
376.35798	-257.773193870092
376.64298	-131.274788286843
376.929	4979.16572031049
377.21502	16115.5681987584
377.50002	21861.9530558998
377.78598	14904.2815377798
378.072	6196.57153889659
378.35802	2911.82449077641
378.64302	1464.06133026055
378.92898	983.242274752676
379.215	461.385688334914
379.5	615.514111678407
379.78602	699.585761386401
380.07198	517.623087614383
380.358	390.623833608163
380.643	810.611073813648
380.92902	-165.457985739958
381.21498	167.439641347637
381.49998	-359.67649900481
381.786	-99.8491106207466
382.07202	-344.056658008916
382.35798	167.701879699085
382.64298	41.4460439551171
382.929	-177.86792953842
383.21502	77.7819925884478
383.50002	317.418358266001
383.78598	-190.003323026951
384.072	-14.4633284149209
384.35802	136.039393210152
384.64302	-32.4720790335782
384.92898	348.956737615447
385.215	-76.6539696837872
385.50102	39.696881422658
385.78602	-399.967027080682
386.07198	-190.691994128414
386.358	-781.457019775385
386.643	-370.236324202672
386.92902	-206.078391804608
387.21498	-193.957539935155
387.501	-99.8766140854045
387.786	-323.80925358489
388.07202	-538.805040384249
388.35798	-92.8377105705454
388.64298	-6.88488431261385
388.929	-385.99549181578
389.21502	-385.144338647222
389.50098	-404.329871862206
389.78598	-281.529231406013
390.072	105.207674454458
390.35802	-510.093019001775
390.64302	-281.404562296155
390.92898	-747.777225150748
391.215	-866.187483362266
391.50102	-356.633277479154
391.78602	-291.087351591816
392.07198	-268.600966284882
392.358	97.8498572855801
392.643	-5.70569165415827
392.92902	-175.321180121206
393.21498	350.032497471444
393.501	-673.647351322148
393.786	-477.331054237527
394.07202	-245.073095604471
394.35798	-261.843783651035
394.644	-469.645373051875
394.929	-180.44716098985
395.21502	-253.303890705988
395.50098	-720.184928931538
395.78598	39.9357640075864
396.072	-322.995459092218
396.35802	-23.9493378670513
396.64398	-543.923092668409
396.92898	-464.890415595219
397.215	-248.905563942717
397.50102	-412.938954473185
397.78602	-855.96074396097
398.07198	-247.025556634731
398.358	-676.106992926867
398.64402	-225.202207265895
398.92902	-258.280908294681
399.21498	147.602185735448
399.501	-162.526031383061
399.786	-279.633420520359
400.07202	4262.22339058306
400.35798	72909.0765221732
400.644	568519.923963539
400.929	2297781.79791742
401.21502	3592208.64162254
401.50098	1657250.48727693
401.78598	451491.361942274
402.072	194073.210573396
402.35802	112436.063662488
402.64398	74849.9243249083
402.92898	52982.8195450452
403.215	41217.6944222917
403.50102	33498.5793853097
403.78602	27390.5047190187
404.07198	20687.4157256826
404.358	19277.3393390086
404.64402	15815.2786659075
404.92902	13904.263767358
405.21498	11777.240359084
405.501	10348.2351984442
405.78702	7706.25137917845
406.07202	8041.31865812181
406.35798	5269.38332014681
406.644	4532.47187549576
406.929	4218.61546792959
407.21502	4717.7592662075
407.50098	3348.93448376822
407.787	3215.13924506055
408.072	2924.40422675835
408.35802	2841.67546651235
408.64398	1890.98372484557
408.92898	2401.35441959956
409.215	2307.73596274896
409.50102	1546.15713393368
409.78698	1541.62091827617
410.07198	1288.15221406525
410.358	1164.70055079874
410.64402	789.294143368787
410.92902	1400.9605616805
411.21498	504.650245532785
411.501	1324.38786580498
411.78702	1895.17636971498
412.07202	1310.04260200927
412.35798	1267.93838889948
412.644	250.887782665001
412.929	1107.91852802893
413.21502	147.982143897726
413.50098	642.106263878065
413.787	370.288134156968
414.072	531.553079072428
414.35802	305.852766385056
414.64398	-38.7873309647275
414.93	264.6298768085
415.215	503.128827905316
415.50102	735.662865077948
415.78698	933.256573883697
416.07198	619.929682188012
416.358	421.638129621399
416.64402	261.404539724975
416.92998	430.230078171906
417.21498	502.133745834716
417.501	766.073083969245
417.78702	-205.930109925294
418.07202	213.145093746156
418.35798	236.257145855824
418.644	-222.575537968238
418.93002	294.647863468282
419.21502	116.947233494206
419.50098	-210.717468520423
419.787	1026.6714614616
420.072	-79.8654824646355
420.35802	355.631647918453
420.64398	-32.8165168210603
420.93	-31.2126830411389
421.215	315.462840328136
421.50102	239.171522322882
421.78698	592.933186257894
422.07198	912.763624144342
422.358	-408.373518263325
422.64402	143.539748598843
422.92998	95.5038359605228
423.21498	-86.4663085163929
423.501	-304.405837098749
423.78702	86.7024850946973
424.07202	-380.124789024978
424.35798	91.0781507725233
424.644	63.3260117001118
424.93002	-29.380835090531
425.21502	78.9735178400474
425.50098	-635.64385664377
425.787	34.7811694783977
426.07302	-96.7510706117014
426.35802	17.7747215155573
426.64398	-327.673180641919
426.93	-294.08115217093
427.215	-107.43333789576
427.50102	78.2385239156451
427.78698	917.950389132655
428.073	676.699870863479
428.358	540.50224155247
428.64402	-254.673130769774
428.92998	-496.810878877451
429.21498	555.101239955688
429.501	-246.965748658508
429.78702	-228.997737781829
430.07298	-575.994479913362
430.35798	58.0558364296376
430.644	124.125196230175
430.93002	116.227208294451
431.21502	-164.624981326296
431.50098	-389.458726922577
431.787	15.737622848947
432.07302	-334.035707923605
432.35802	259.233995377193
432.64398	266.520226028787
432.93	-676.165754685553
433.215	79.1892479466046
433.50102	-16.4414384379616
433.78698	70.9554506158229
434.073	650.377819614872
434.358	277.838465874162
434.64402	-56.6885267835642
434.92998	-335.190297173269
435.21498	-571.656504285328
435.501	-390.111650193096
435.78702	-29.5436861749708
436.07298	-428.95229843503
436.35798	-232.327276774783
436.644	370.30754076938
436.93002	-390.036126427356
437.21598	-513.357982604928
437.50098	-316.648082092108
437.787	282.070326258221
438.07302	-159.191344799141
438.35802	-870.421966418051
438.64398	-20.6443867575072
438.93	-617.848760246778
439.21602	104.965192189474
439.50102	-354.191588496671
439.78698	-98.3410681397836
440.073	161.526806883662
440.358	-387.576182211561
440.64402	-308.672201097064
440.92998	-503.749423017522
441.216	-358.809093971204
441.501	402.160292762277
441.78702	-568.862910430127
442.07298	-662.867150831303
442.35798	-252.843026138993
442.644	47.1888401153246
442.93002	-302.760823435487
443.21598	105.308641479246
443.50098	489.406404221687
443.787	1.51236101265204
444.07302	77.6370177847944
444.35802	369.790621976576
444.64398	41.95348636678
444.93	-597.865265006024
445.21602	24.3350590895557
445.50102	620.564434242174
445.78698	174.803699521385
446.073	-662.938259484187
446.35902	229.339232465832
446.64402	-2.35412624088485
446.92998	626.963040143558
447.216	-306.700625963783
447.501	-419.335072546531
447.78702	-130.959063014552
448.07298	-721.562465984288
448.359	-337.14613331803
448.644	-552.700142948866
448.93002	-191.242506993319
449.21598	120.236748711288
449.50098	-211.254286795397
449.787	150.267356255542
450.07302	226.810901418127
450.35898	19.3771270187976
450.64398	663.97384261255
450.93	-487.415372053362
451.21602	67.2183944425592
451.50102	-510.116274006145
451.78698	39.5646646036589
452.073	-326.731095652808
452.35902	146.997205378783
452.64402	261.757814037198
452.92998	-322.46455965582
453.216	-363.66251364839
453.501	229.172400948812
453.78702	166.024962335006
454.07298	142.903683114477
454.359	512.807949540847
454.644	-240.25418103224
454.93002	392.702806534269
455.21598	531.687036091106
455.50098	-149.295016816279
455.787	2023.74316190968
456.07302	2886.80899088758
456.35898	3544.90314352666
456.64398	2062.03174350945
456.93	1274.18207402715
457.21602	772.361159647538
457.50198	167.569649673724
457.78698	247.81330203226
458.073	1126.08012320151
458.35902	379.376346096548
458.64402	862.707709041391
458.92998	279.062429072233
459.216	784.445658001899
459.50202	610.857562327815
459.78702	117.303471713414
460.07298	782.772399219481
460.359	398.269133333974
460.644	-311.200971676466
460.93002	-377.64861988296
461.21598	31.9316131316245
461.502	759.53894985534
461.787	-701.821669423979
462.07302	32.8398349098825
462.35898	399.528471466273
462.64398	286.248043454132
462.93	-269.010538889044
463.21602	1106.7570660297
463.50198	90.5507988223999
463.78698	-83.6259900042996
464.073	489.21822314705
464.35902	4.0873855546879
464.64402	-400.01491108042
464.92998	-206.096641317595
465.216	167.845419980406
465.50202	50.8111925290641
465.78702	-145.196069885653
466.07298	329.816318803742
466.359	-2.14871909947942
466.64502	202.908716242325
466.93002	-373.008441656722
467.21598	-311.906880350799
467.502	67.2160252109388
467.787	290.36312127582
468.07302	534.527934235642
468.35898	138.713353215802
468.645	179.918666741331
468.93	-45.8535926602726
469.21602	494.390678647873
469.50198	-276.345937669349
469.78698	-475.061591790682
470.073	747.238381627634
470.35902	-629.443792905736
470.64498	-463.108347471623
470.92998	181.24634884506
471.216	46.615449674171
471.50202	243.000925109446
471.78702	-339.595488126577
472.07298	-727.178284086994
472.359	-634.745799335388
472.64502	276.701858113994
472.93002	247.166346535142
473.21598	342.643709685879
473.502	-201.864560568666
473.787	-41.3568482173969
474.07302	-418.836908242934
474.35898	-401.303089052663
474.645	414.244181838044
474.93	-445.193684620448
475.21602	573.379946130392
475.50198	-140.033481711427
475.78698	3.5670339745202
476.073	-533.821509432307
476.35902	123.802123052127
476.64498	-65.5621512899688
476.92998	-269.913392321791
477.216	-440.254179170634
477.50202	360.416623233001
477.78798	419.098937261962
478.07298	164.793559480827
478.359	-379.501770788507
478.64502	-154.786083638334
478.93002	-91.0585661814257
479.21598	-104.321257485371
479.502	-12.5734163478583
479.78802	734.184870376189
480.07302	522.954266711331
480.35898	-610.266975282315
480.645	625.52174933763
480.93	-722.678967830144
481.21602	22.1292773721716
481.50198	-114.052901585475
481.788	587.774259271599
482.073	-898.388793134525
482.35902	-429.543385045636
482.64498	-8.68904652444417
482.92998	-218.82552521906
483.216	-90.9539256688086
483.50202	822.926096464792
483.78798	531.814404157642
484.07298	657.711146258226
484.359	58.6154488238799
484.64502	-620.472463839673
484.93002	-323.552475331465
485.21598	-210.625287663969
485.502	49.3092273592547
485.78802	364.250944652431
486.07302	-281.800106641037
486.35898	-251.844424082446
486.645	450.118027829451
486.93102	-196.912882029069
487.21602	103.062780882405
487.50198	55.0447047732532
487.788	-265.967160457854
488.073	-164.972941473152
488.35902	-602.972820376716
488.64498	-440.966908712447
488.931	-155.955345118236
489.216	-30.9383287081537
489.50202	433.084187959531
489.78798	427.112086137088
490.07298	-135.854811575771
490.359	-266.816334566583
490.64502	207.227346933771
490.93098	471.276160926535
491.21598	-613.670134509704
491.502	501.388774292232
491.78802	13.4526429307598
492.07302	73.5211563166004
492.35898	344.594727881856
492.645	-222.326909217953
492.93102	402.756168864253
493.21602	125.843579841953
493.50198	136.935831395109
493.788	745.032410782689
494.073	-345.867350535287
494.35902	291.23698171571
494.64498	22.3447487743706
494.931	-487.544288153371
495.216	341.569153788361
495.50202	292.685603381644
495.78798	-394.195649597506
496.07298	74.9247265467184
496.359	-317.952714451078
496.64502	192.171315989527
496.93098	-270.70349257075
497.21598	-122.577822653749
497.502	693.548915896169
497.78802	-369.323977691832
498.07398	425.803343877089
498.35898	-452.069615128446
498.645	-422.942066127448
498.93102	-419.814557938324
499.21602	-24.6876387978227
499.50198	-713.560520945873
499.788	-815.43369990877
500.07402	704.692703261539
500.35902	75.8181462835773
500.64498	-153.056593219225
500.931	-464.932006941958
501.216	308.191344474742
501.50202	215.314249894738
501.78798	-578.56385344267
502.074	-326.442986035579
502.359	-141.323580041806
502.64502	-649.204739129029
502.93098	620.91312466025
503.21598	-330.970313056116
503.502	-285.854201129351
503.78802	687.261083431777
504.07398	316.375558448457
504.35898	417.488909312414
504.645	252.601964913949
504.93102	-313.285639964627
505.21602	189.825738872175
505.50198	352.93691702939
505.788	-114.95241678236
506.07402	-328.842244188695
506.35902	-115.732916093464
506.64498	105.376358068983
506.931	-482.514739097707
507.216	-27.4065881925571
507.50202	-293.298386347242
507.78798	38.8094849550662
508.074	583.917099797463
508.359	-490.975918134799
508.64502	-142.868774339813
508.93098	117.238154273535
509.217	243.344941392759
509.502	-361.548786750581
509.78802	102.557759261808
510.07398	192.664205357381
510.35898	-290.229754438375
510.645	35.8766414093952
510.93102	-351.016977278908
511.21698	392.089372701947
511.50198	636.195362167558
511.788	-215.698267033107
512.07402	528.408111285226
512.35902	-262.485876799323
512.64498	43.6205107134538
512.931	-188.273055398632
513.21702	289.833408063357
513.50202	692.939526756059
513.78798	-215.953956585427
514.074	-577.847371471918
514.359	-127.741115113781
514.64502	423.365578563396
514.93098	427.472304543093
515.217	-514.420926602346
515.502	162.685439977779
515.78802	-986.207876400023
516.07398	-367.10132099255
516.35898	413.004729517675
516.645	416.11096981478
516.93102	-334.783022108775
517.21698	232.322689428885
517.50198	-104.572268698536
517.788	63.5327911327522
518.07402	708.637450224586
518.35998	-70.2583554051544
518.64498	85.8450067925287
518.931	-31.0517872808578
519.21702	-68.9491322857175
519.50202	-270.847342245156
519.78798	228.25435773518
520.074	-47.6442870434776
520.36002	-481.543230171768
520.64502	33.5572369057381
520.93098	79.657879807145
521.217	-473.241551392038
521.502	-61.1413686126434
521.78802	-608.040787167057
522.07398	-575.940118960162
522.36	-262.839253968345
522.645	-118.738506593052
522.93102	635.362911894653
523.21698	-246.535312208548
523.50198	42.5665669549226
523.788	207.66932924847
524.07402	168.77268391599
524.35998	301.876682086396
524.64498	-196.018934572497
524.931	633.086632163573
525.21702	11.193083096533
525.50202	-128.699893573292
525.78798	75.4085181635946
526.074	456.518055531936
526.36002	114.62876892008
526.64502	-155.259670231532
526.93098	-140.146414481304
527.217	544.968259709056
527.502	479.083984863942
527.78802	-447.798337860369
528.07398	224.320919186113
528.36	-236.558164268958
528.645	-525.436032140897
528.93102	-100.311789264452
529.21698	270.814124640557
529.503	379.941783427611
529.788	-594.929282699393
530.07402	-90.7981298890254
530.35998	-366.665223530389
530.64498	-451.530970559217
530.931	379.605583250715
531.21702	-476.256018339479
531.50298	104.88421606789
531.78798	-48.9741439751833
532.074	114.169907104034
532.36002	184.315902523181
532.64502	-167.536589681514
532.93098	648.613569736403
533.217	-72.2339649551195
533.50302	-605.079109546894
533.78802	-267.922314320441
534.07398	183.237624348868
534.36	199.40033241641
534.645	758.565296468536
534.93102	-447.266187557322
535.21698	-311.094625749315
535.503	-77.9198306485141
535.788	532.257636370706
536.07402	-89.5608392592994
536.35998	620.624189574715
536.64498	1803.81220540668
536.931	1399.00447509428
537.21702	1620.20026027595
537.50298	896.399446857422
537.78798	785.601318079832
538.074	75.8072057503396
538.36002	-153.983678592976
538.64598	-258.771451750342
538.93098	140.443130013885
539.217	-737.33851327868
539.50302	-516.117216092964
539.78802	176.10614519835
540.07398	187.333049763291
540.36	31.5627265616795
540.64602	1103.79505633044
540.93102	-115.970875111186
541.21698	-348.733514117493
541.503	248.506333825863
541.788	309.747679336354
542.07402	160.992156001514
542.35998	-188.761330674019
542.646	453.487117605443
542.931	369.736349405159
543.21702	36.9879441226494
543.50298	688.240754291771
543.78798	234.493773654841
544.074	127.748555801727
544.36002	-322.996008222186
544.64598	473.259822685249
544.93098	-361.484962860065
545.217	76.7712037241654
545.50302	79.0272041651151
545.78802	146.281922557843
546.07398	254.536924142743
546.36	-331.208813977163
546.64602	179.044387700706
546.93102	157.295354426166
547.21698	-495.454448158403
547.503	-395.20609503476
547.788	44.0392081327636
548.07402	119.282938754496
548.35998	-59.4761146642495
548.646	-319.238130237326
548.931	60.9957311344642
549.21702	683.226864962282
549.50298	-130.545898295321
549.789	130.677257494612
550.074	-136.104766964631
550.36002	37.1093101290053
550.64598	-323.681608225505
550.93098	57.5216372820569
551.217	-489.279739092782
551.50302	114.913329182034
551.78898	186.100606687568
552.07398	155.281339313785
552.36	-407.543415336154
552.64602	79.625488440317
552.93102	-270.212713274014
553.21698	-96.0570904339247
553.503	-260.908365283198
553.78902	282.233232070693
554.07402	278.367039290994
554.35998	-423.506207794231
554.646	-128.387144767074
554.931	186.723641424974
555.21702	-187.173155342938
555.50298	-399.078044712272
555.789	29.0089333618098
556.074	221.087412096525
556.36002	-307.842126409649
556.64598	-395.780069771828
556.93098	428.273352191867
557.217	-522.681571677596
557.50302	-187.645127610425
557.78898	-147.617400386237
558.07398	-134.598510072951
558.36	-262.58840783402
558.64602	-37.5872568818959
558.93102	-92.5950928551174
559.21698	141.388003550707
559.503	-24.637790030094
559.78902	-325.672247574993
560.07402	-247.714977945482
560.35998	-582.766052678119
560.646	48.1748681900335
560.93202	-352.891982055074
561.21702	-599.966101527023
561.50298	-64.0477801146235
561.789	108.863423234471
562.074	-328.231898527828
562.36002	1346.66579505546
562.64598	276.557079896394
562.932	-144.557866241584
563.217	-149.67835615666
563.50302	-143.805029542841
563.78898	151.062797194834
564.07398	178.925847074488
564.36	-377.216543305591
564.64602	282.636397578237
564.93198	434.484992506687
565.21698	-199.669969985985
565.503	91.1707219248474
565.78902	-139.992093701318
566.07402	-2.15752881549906
566.35998	340.673557854381
566.646	-125.498027532137
566.93202	96.3280407434422
567.21702	93.1526841679652
567.50298	123.974974720532
567.789	231.795752448405
568.074	-375.384024460143
568.36002	-125.565426771593
568.64598	173.252427091652
568.932	203.069662532497
569.217	-238.112826877196
569.50302	-107.296146103078
569.78898	-119.479402272887
570.075	395.337529550472
570.36	477.155540028829
570.64602	158.973527774681
570.93198	-230.207615218305
571.21698	-336.387122760033
571.503	336.433959629338
571.78902	17.2564782330946
572.07498	80.0806716268044
572.35998	348.907267601113
572.646	242.735176197458
572.93202	-144.434881652222
573.21702	69.3977860017603
573.50298	-137.767887364746
573.789	11.0687284282058
574.07502	-93.0922346308043
574.36002	728.749880903329
574.64598	-39.4059259774476
574.932	-511.559054075176
575.217	316.29115753064
575.50302	-95.8562666275157
575.78898	427.999341565222
576.075	156.858018489526
576.36	-32.2796214583286
576.64602	-512.414479016726
576.93198	11.454007270926
577.21698	74.3262570606048
577.503	22.2014074235231
577.78902	-23.9200548381195
578.07498	52.9619183016694
578.35998	596.847703547478
578.646	108.736532035983
578.93202	328.628842295017
579.21702	-379.474976769845
579.50298	-55.5756239876573
579.789	-406.672740149643
580.07502	360.233719853988
580.36002	125.14409396387
580.64598	638.057781926499
580.932	-274.024901662057
581.21802	754.896061904165
581.50302	-117.179157774166
581.78898	-213.251200815506
582.075	-674.319938771011
582.36	549.614755170315
582.64602	95.5522970869961
582.93198	194.492821710815
583.218	258.436187289512
583.503	-361.617522721094
583.78902	-83.6688092391896
584.07498	-235.717582063651
584.35998	148.236182899735
584.646	742.192048729884
584.93202	-250.849931727763
585.21798	-154.889867113948
585.50298	-319.927739603614
585.789	-371.963832225287
586.07502	-95.9980072900171
586.36002	205.969845562084
586.64598	-478.060498882676
586.932	246.911063833633
587.21802	-512.115460998986
587.50302	-235.139990275502
587.78898	150.837303716155
588.075	677.816501366238
588.36	-757.202329642745
588.64602	238.780674624943
588.93198	-234.234413346912
589.218	335.752398832735
589.503	144.741150119909
589.78902	-9.26824898734685
590.07498	-130.275793280027
590.361	-128.281533459201
590.646	739.714495839367
590.93202	-92.287781208488
591.21798	6.71160512950883
591.50298	426.712600672785
591.789	-462.284834553403
592.07502	-601.280748802317
592.36098	81.7248090651756
592.64598	1143.73176645994
592.932	-334.259875233293
593.21802	643.749814056279
593.50302	840.760745430273
593.78898	189.772947045547
594.075	28.7863002886534
594.36102	250.800558503161
594.64602	-59.1846157036589
594.93198	173.830597863493
595.218	354.845869957921
595.503	-591.139139055858
595.78902	89.875395407711
596.07498	-294.110867217229
596.361	-694.098204676805
596.646	-1.08694105503309
596.93202	-30.0772784464407
597.21798	68.9304552811482
597.50298	515.935964424165
597.789	-156.060996136637
598.07502	-173.060733788347
598.36098	116.936497166633
598.64598	-184.069419264953
598.932	71.9213616887146
599.21802	-39.0912579964152
599.50302	-598.107327878419
599.78898	89.8729284121791
600.075	330.849440318326
600.3612	98.8220796817523
600.6462	-225.209113764117
600.9318	-634.2444374188
601.218	-346.284030255156
601.5042	261.672063927418
601.7892	-595.376056506281
602.0748	-236.428794438288
602.361	70.5137083089903
602.646	43.4517170481386
602.9322	-310.615394327468
603.2178	298.31267894042
603.504	434.235532235345
603.789	-218.846435044638
604.0752	773.065984625387
604.3608	418.973223453611
604.6458	-151.124786403492
604.932	612.771216683412
605.2182	317.661531237453
605.5038	-297.453697105488
605.7888	256.425466382289
606.075	-307.701862123841
606.3612	79.1647111526054
606.6462	444.025682157089
606.9318	-44.1199506034482
607.218	944.727464808093
607.5042	-395.432122773806
607.7892	-644.598347937063
608.0748	-219.772585274076
608.361	-312.955232413802
608.646	827.854537178852
608.9322	7.65477239895063
609.2178	532.446353610645
609.504	116.228055328707
609.789	-19.9990672995054
610.0752	781.762723949734
610.3608	-163.485453164681
610.647	109.255008820229
610.932	179.985428812454
611.2182	-332.296814365235
611.5038	-239.590339689597
611.7888	120.104569418159
612.075	-81.2144125066407
612.3612	-343.546388428212
612.6468	253.109018262254
612.9318	116.75153320653
613.218	-9.62150450206082
613.5042	-771.008980248062
613.7892	-172.409537522472
614.0748	-402.826018652126
614.361	183.741120774948
614.6472	244.292378123967
614.9322	-255.170624142442
615.2178	193.348881790951
615.504	81.850449864949
615.789	-600.662998303908
616.0752	-57.1960356446089
616.3608	73.254386756571
616.647	80.685710158863
616.932	231.101319577797
617.2182	384.496044674594
617.5038	158.873385553798
617.7888	-235.766788022359
618.075	-726.428827738168
618.3612	279.889671921166
618.6468	274.189951763756
618.9318	-401.528112181213
619.218	-426.269366670678
619.5042	189.968919676228
619.7892	140.189831129805
620.0748	-365.611685296836
620.361	12.5640512893024
620.6472	57.7185142292346
620.9322	-237.144804739585
621.2178	-248.031477975866
621.504	449.058170687456
621.7902	-34.8742072970535
622.0752	-379.824751349806
622.3608	310.200417638183
622.647	61.2009711080509
622.932	-449.816921190186
623.2182	227.137981130235
623.5038	-356.928008623596
623.79	583.980442382177
624.075	-363.129897543414
624.3612	-100.268481128705
624.6468	-497.428306783736
624.9318	246.390689416977
625.218	-81.8191114368192
625.5042	-352.052872275418
625.7898	113.691983377608
626.0748	250.415521594466
626.361	112.10951949901
626.6472	451.779215372222
626.9322	-497.569745350915
627.2178	159.054109087954
627.504	-462.349460284044
627.7902	-584.777673733905
628.0752	21.7755268428582
628.3608	421.30098328415
628.647	-271.201611185227
628.932	431.277108944691
629.2182	468.724168938004
629.5038	417.149092623975
629.79	521.545097789767
630.075	244.922189745494
630.3612	-415.73346206095
630.6468	100.588310123858
630.9318	-119.112492695681
631.218	-367.846858785333
631.5042	-187.607846638944
631.7898	559.608155298853
632.0748	-32.1988478435233
632.361	-227.040517132734
632.6472	-231.909460067546
632.9328	-408.801810759971
633.2178	-93.7175291677049
633.504	31.3310663031616
633.7902	-17.6481492556331
634.0752	-187.646834808913
634.3608	313.322341779653
634.647	-8.74092853852289
634.9332	64.1674579429628
635.2182	200.056316871859
635.5038	-265.087728190891
635.79	-68.2649896338462
636.075	-443.46181593167
636.3612	-229.696839461225
636.6468	524.043772944598
636.933	27.7503950411274
637.218	-131.562557487277
637.5042	-409.914532579286
637.7898	-219.290767973257
638.0748	-254.691018092296
638.361	-642.130471989577
638.6472	-234.599022185785
638.9328	-137.091339949567
639.2178	-872.607181267573
639.504	144.837535539117
639.7902	-643.74659482812
640.0752	-204.348494365006
640.3608	568.015556130202
640.647	994.345438574029
640.9332	-472.353277031076
641.2182	-239.069033804215
641.5038	-28.8187691299499
641.79	-334.602281461879
642.0762	-215.41337919629
642.3612	-398.239661377957
642.6468	-377.098451751856
642.933	-497.989474733444
643.218	-223.89402457814
643.5042	-621.836117664365
643.7898	450.203112350276
644.076	-421.788330979902
644.361	408.208884092995
644.6472	1483.16991394775
644.9328	3614.11423978763
645.2178	10604.0424472504
645.504	22121.9355069728
645.7902	38689.8067500696
646.0758	63252.6632471714
646.3608	96019.5055727736
646.647	136057.314160672
646.9332	188877.102707312
647.2182	246766.885244907
647.5038	328353.641955427
647.79	417400.373161803
648.0762	534090.086102287
648.3612	635957.79511495
648.6468	763270.479911821
648.933	930276.140826976
649.218	1094584.79935491
649.5042	1251445.42779991
649.7898	1409780.04775857
650.076	1610072.6454728
650.361	1798068.24282903
650.6472	1994488.81161639
650.9328	2204072.37381228
651.2178	2455129.92994383
651.504	2714995.45866098
651.7902	2923136.97488102
652.0758	3173272.48638956
652.3608	3371393.99370263
652.647	3441235.47516738
652.9332	3065043.94591039
653.2188	2109061.41380703
653.5038	1322270.87936218
653.79	929862.320664842
654.0762	700608.75302112
654.3612	575683.19188701
654.6468	477838.615239105
654.933	405810.023469972
655.2192	350656.424529824
655.5042	297852.833994725
655.7898	266563.22965001
656.076	234953.611899384
656.361	211393.003955146
656.6472	187388.375877596
656.9328	172497.750911506
657.219	158046.114269689
657.504	139595.489277685
657.7902	134647.845852233
658.0758	122235.207340205
658.3608	109645.574199114
658.647	102260.9239183
658.9332	91534.2722352482
659.2188	87214.6272527184
659.5038	86594.9894170832
659.79	75956.336193603
660.0762	69899.6833432514
660.3612	65442.0466207507
660.6468	60788.4034960498
660.933	57275.7544202045
661.2192	54520.1074928546
661.5042	52567.4784327376
661.7898	49296.8447526254
662.076	45614.206914716
662.3622	41574.5730006688
662.6472	40890.9586635078
662.9328	37743.341503421
663.219	35231.7219937487
663.504	31524.1233230348
663.7902	29354.5156296727
664.0758	28787.9220650478
664.362	28076.3279739136
664.647	26538.7563793777
664.9332	24721.1776478432
665.2188	22345.6147541172
665.5038	20672.0680860812
665.79	19998.5157140365
666.0762	19835.9730346307
666.3618	17476.4478872401
666.6468	20259.940648604
666.933	15280.4296436223
667.2192	17285.9301066464
667.5042	15178.4570798934
667.7898	14403.9890323639
668.076	15202.5264847464
668.3622	12539.0771805014
668.6472	13032.6559400764
668.9328	11347.2415539722
669.219	10679.83455402
669.504	9575.45676297907
669.7902	11217.0801792821
670.0758	9000.7265300401
670.362	9413.38216805411
670.647	8180.06851656303
670.9332	7435.75811412195
671.2188	8950.47227717871
671.5038	8999.21133512466
671.79	7523.95519209116
672.0762	6916.718061207
672.3618	5713.50711199926
672.6468	7615.32266271686
672.933	5654.14510617463
673.2192	6513.98833714846
673.5048	5237.85935111293
673.7898	5611.75845517453
674.076	4235.66657542463
674.3622	6194.59725855753
674.6472	5399.56367325103
674.9328	3040.54702910885
675.219	4302.54791645236
675.5052	4861.57314204539
675.7902	2536.63546701107
676.0758	3304.71670113102
676.362	2925.81744586901
676.647	3312.95629580534
676.9332	3581.10960003345
677.2188	3030.29578785222
677.505	3868.50348028575
677.79	2145.75059371612
678.0762	2752.01438892934
678.3618	3049.31260588364
678.6468	2843.64550433757
678.933	3396.99677381054
679.2192	2371.37815030993
679.5048	1992.79547183648
679.7898	2311.24898700629
680.076	3044.72315269977
680.3622	1502.22920078641
680.6472	705.777828980994
680.9328	2684.35389477995
681.219	1678.95804699502
681.5052	1764.59585696997
681.7902	1775.27745880862
682.0758	1486.98854426973
682.362	944.729773307467
682.6482	1094.5064354718
682.9332	972.328071526868
683.2188	853.181252086837
683.505	1250.0666482483
683.79	1315.99788486055
684.0762	1350.95798374691
684.3618	612.960334842449
684.648	1214.99698842871
684.933	1571.08061247922
685.2192	1320.19551207995
685.5048	1504.35410914776
685.7898	714.556593808366
686.076	15.7921825210024
686.3622	1222.06887631897
686.6478	780.390119501618
686.9328	712.75551925014
687.219	941.154744415648
687.5052	291.594626868551
687.7902	811.081317310799
688.0758	608.604995469851
688.362	105.165778867186
688.6482	662.766674935798
688.9332	815.413162688606
689.2188	25.0964328082755
689.505	777.816599398217
689.79	-235.418548097358
690.0762	325.380453187117
690.3618	661.221144788015
690.648	373.098519531336
690.933	831.01937983981
691.2192	-228.025497671068
691.5048	486.970444931665
691.7898	155.006829353804
692.076	29.0775549821037
692.3622	682.186585508997
692.6478	319.335342698805
692.9328	1191.5232264959
693.219	1.74486217468348
693.5052	-80.9966173612265
693.7908	-327.700137288794
694.0758	-65.3662885115427
694.362	141.000471552959
694.6482	-466.597341838165
694.9332	74.8421930391369
695.2188	906.315063917104
695.505	120.821124574912
695.7912	-192.638846463841
696.0762	75.9365037280522
696.3618	51.5440252398121
696.648	-713.816437301484
696.933	482.856917920144
697.2192	287.560982078622
697.5048	70.297382581929
697.791	134.064681670895
698.076	812.863916060892
698.3622	-473.306934526954
698.6478	512.552972124849
698.9328	-309.556883038185
699.219	-68.6374285695547
699.5052	226.311530311803
699.7908	816.289678387982
700.0758	-420.703495104603
700.362	987.331814071966
700.6482	116.395306638066
700.9332	358.486211132152
701.2188	126.604685928588
701.505	-261.249425971374
701.7912	-622.076675504999
702.0762	-424.87828394153
702.3618	61.3466273986351
702.648	19.5980806374355
702.933	-868.125692300187
703.2192	-66.8224705210869
703.5048	-169.494184894476
703.791	30.8604385172775
704.076	55.2389840935139
704.3622	-651.35546564303
704.6478	-906.925486460354
704.934	396.530622863032
705.219	361.009809753697
705.5052	55.5160042401831
705.7908	-140.954003751447
706.0758	1329.59952466561
706.362	657.180058227907
706.6482	-237.214787323896
706.9338	-406.586429638133
707.2188	-13.9349601164968
707.505	-744.25609022016
707.7912	-674.55241414643
708.0762	462.173058306964
708.3618	-247.075072620836
708.648	133.703446835899
708.9342	218.507160526578
709.2192	236.332636771339
709.5048	-457.814893805526
709.791	-92.9351750028
710.076	94.9662767369909
710.3622	-230.102850585913
710.6478	228.851765724721
710.934	-429.16576634097
711.219	-666.161620717431
711.5052	755.872704695715
711.7908	427.930822210305
712.0758	454.012604124527
712.362	1050.12500051197
712.6482	-5.73645271949408
712.9338	-99.5741886928699
713.2188	480.611663985615
713.505	460.828713130796
713.7912	95.0720567599546
714.0768	137.33904159733
714.3618	387.629538132292
714.648	-81.0481844595588
714.9342	-163.699468464549
715.2192	622.669900881338
715.5048	-104.931475034054
715.791	-100.503449427021
716.0772	-42.0491745461468
716.3622	344.42479210784
716.6478	-353.072616799051
716.934	343.458463352075
717.219	195.008028701794
717.5052	953.58883192605
717.7908	196.190712803546
718.077	767.820105111991
718.362	1317.46639040284
718.6482	1759.14313583574
718.9338	2030.83957405296
719.2188	2056.55526440233
719.505	1899.30081886136
719.7912	1560.06876411614
720.0768	2164.85502722841
720.3618	2760.65917499869
720.648	1221.49237435659
720.9342	380.346777046458
721.2192	276.214179573965
721.5048	755.106015297743
721.791	539.022117167735
722.0772	496.958234905924
722.3622	-164.094170144888
722.6478	229.87684557872
722.934	-1166.12894025831
723.219	173.875338191977
723.5052	469.905976776395
723.7908	-212.050320731445
724.077	-219.985550653337
724.362	270.086668901733
724.6482	252.183205916197
724.9338	83.2903423850448
725.22	-218.583651484203
725.505	355.547228390148
725.7912	444.700343972165
726.0768	496.861614093706
726.3618	-294.969619835986
726.648	863.219795822733
726.9342	119.420170109814
727.2198	-1.37375754562345
727.5048	244.83721416685
727.791	360.066310511912
728.0772	-210.696530406592
728.3622	-392.46150556716
728.6478	37.7847116066396
728.934	398.041392328563
729.2202	94.3030520822376
729.5052	329.559410528242
729.7908	-399.176061341568
730.077	-343.904111667148
730.362	105.360196508648
730.6482	-327.364838400448
730.9338	209.905711080268
731.22	-558.819385717179
731.505	904.444808942121
731.7912	371.716641307237
732.0768	-387.018892449127
732.3618	4.23751742851346
732.648	-219.500598835774
732.9342	-90.2434627222701
733.2198	-150.996501859127
733.5048	-428.760388610874
733.791	-781.521729882672
734.0772	262.70933233217
734.3628	783.927434020276
734.6478	-122.868079302889
734.934	51.3359767707479
735.2202	-126.470412560125
735.5052	-812.297087095467
735.7908	-743.130993678217
736.077	44.0271232280702
736.3632	-309.827807355689
736.6482	392.294839553026
736.9338	-184.591950572713
737.22	-200.488730539147
737.505	-259.409145454257
737.7912	-274.336147932632
738.0768	3.71671195709132
738.363	280.757593952567
738.648	452.773250855843
738.9342	-392.219808290247
739.2198	-445.234723950501
739.5048	-191.271847158666
739.791	1480.68069759766
740.0772	-286.385859381516
740.3628	24.5240238428078
740.6478	-183.589965526492
740.934	429.283690595993
741.2202	3.13670363997062
741.5052	-343.038869112606
741.7908	-305.231742254702
742.077	-7.44235347228368
742.3632	50.3251731046585
742.6482	-189.936739151353
742.9338	-563.217346309709
743.22	-260.517093707772
743.505	208.15309400668
743.7912	-130.19302262371
744.0768	-89.5662224315274
744.363	-104.959974850483
744.648	118.615390523886
744.9342	-863.827124500919
745.2198	-295.297498209411
745.506	-223.789370133049
745.791	133.687786182543
746.0772	-160.853656467947
746.3628	-161.423015747358
746.6478	-8.02020116883068
746.934	-252.63649768398
747.2202	147.722069005416
747.5058	-132.947336650755
747.7908	574.35537750492
748.077	1350.63829347236
748.3632	21.8958064672097
748.6482	342.122737304224
748.9338	-59.6731512159995
749.22	457.507914199592
749.5062	-135.336699313251
749.7912	-595.211789508348
750.0768	175.889704847782
750.363	14.9674961544406
750.648	-477.985236694379
750.9342	-102.95979949082
751.2198	342.037151294659
751.506	7.00967942829448
751.791	468.95162740721
752.0772	-284.12919745903
752.3628	-272.238784896576
752.6478	243.622909906147
752.934	-213.538880434057
753.2202	-324.727966212921
753.5058	-196.946086525863
753.7908	-213.193150515642
754.077	-283.464397609835
754.3632	350.237079651324
754.6482	-508.091354298746
754.9338	-533.445238441825
755.22	-205.824607321478
755.5062	173.76928878642
755.7912	-64.665738006147
756.0768	-196.125901595449
756.363	-697.611233131975
756.6492	-268.122759048755
756.9342	-534.662228608184
757.2198	-197.226517041602
757.506	-40.8156521064175
757.791	282.567997307399
758.0772	-239.07216821272
758.3628	-212.738183066046
758.649	284.57170055795
758.934	1005.85595384902
759.2202	-390.88268557149
759.5058	-420.645593925637
759.7908	-579.432279999824
760.077	42.7588735286427
760.3632	-113.072735314568
760.6488	-54.927044231631
760.9338	250.196429340753
761.22	250.298739637668
761.5062	-259.620334150552
761.7912	-192.560654566571
762.0768	116.478563924446
762.363	-247.502453327932
762.6492	-188.503409151481
762.9342	-187.523765134707
763.2198	-708.563179242032
763.506	92.3786396023152
763.791	352.302524904341
764.0772	408.208246600321
764.3628	214.096751709305
764.649	544.967983386983
764.934	-262.17678608387
765.2202	2.66163508756381
765.5058	-488.515377638246
765.792	-223.708156390631
766.077	198.084968526828
766.3632	191.862665910323
766.6488	-275.373318263121
766.9338	210.377431046037
767.22	341.113607152784
767.5062	-265.163456970361
767.7918	890.547172275215
768.0768	71.2458854338192
768.363	4.93105108551299
768.6492	388.604223917514
768.9342	-169.732840456357
769.2198	-267.081924150992
769.506	-640.442787158904
769.7922	441.18560442369
770.0772	-116.194813861721
770.3628	-430.586101858653
770.649	64.0119882692761
770.934	416.602325534945
771.2202	636.18177524118
771.5058	-127.246731141217
771.792	-139.684677640446
772.077	483.871031272037
772.3632	-717.583029936685
772.6488	34.9562849371232
772.9338	-532.510662418777
773.22	-33.9865283566669
773.5062	-255.469044859185
773.7918	-1040.9568637068
774.0768	807.550368843332
774.363	364.049837337114
774.6492	100.543921161957
774.9342	695.035089919529
775.2198	-298.479517752364
775.506	-674.999506388646
775.7922	-234.523351393802
776.0772	-40.0483872588193
776.3628	-485.577474272493
776.649	-535.110184117008
776.9352	12.3550400986996
777.2202	327.820898470175
777.5058	-251.715532419938
777.792	135.74618698313
778.077	432.209888924932
778.3632	1116.67150395835
778.6488	-100.865135342864
778.935	683.5981637636
779.22	1034.06521796958
779.5062	-12.4680673707544
779.7918	-578.998152273032
780.0768	130.475076692869
780.363	1141.94842671484
780.6492	-399.575751745948
780.9348	37.9037597025172
781.2198	223.387071288502
781.506	186.871055480537
781.7922	-114.641978643823
782.0772	144.850228038123
782.3628	-4.65541453895185
782.649	-214.158758719961
782.9352	-424.658611050992
783.2202	-636.152770883029
783.5058	-130.644243776102
783.792	90.8671226026281
784.077	787.384523251254
784.3632	-240.095969703875
784.6488	-65.5711853976218
784.935	355.95701582465
785.22	-32.5082771637799
785.5062	-48.9708464987634
785.7918	248.572367669577
786.078	-240.880417567731
786.363	306.673765368671
786.6492	-318.768701649286
786.9348	-20.2048834894777
787.2198	-181.634678569683
787.506	501.939351933633
787.7922	110.519165929582
788.0778	-286.894227188515
788.3628	-404.300676523016
788.649	-170.702530150254
788.9352	307.90213687214
789.2202	-275.48485975983
789.5058	-329.865786187722
789.792	-203.240398996895
790.0782	275.392310009765
790.3632	-155.965966079933
790.6488	59.6826854712481
790.935	259.338513106162
791.22	-147.996144501328
791.5062	-146.323905613917
791.7918	444.357516834541
792.078	-883.953015460439
792.363	425.746622088129
792.6492	111.45410252409
792.9348	-341.828493738299
793.2198	-353.101011704086
793.506	-188.364927821322
793.7922	1057.38114117274
794.0778	217.137911060953
794.3628	299.905531433285
794.649	-84.3172179505355
794.9352	-591.529121025837
795.2202	551.270856553986
795.5058	143.08163083721
795.792	-275.096512440661
796.0782	-451.262948212798
796.3632	207.583161820053
796.6488	549.441022366539
796.935	-271.689097370226
797.2212	400.193219971734
797.5062	-175.911526920751
797.7918	260.996044500555
798.078	-4.08390290486204
798.363	361.849177170552
798.6492	424.794804911412
798.9348	371.753446200291
799.221	231.72501112851
799.506	-607.290279026228
799.7922	51.7075306977067
800.0778	-349.281420952781
800.3628	-144.257134074007
800.649	-394.219329689699
800.9352	-169.167997980402
801.2208	-53.1032164904127
801.5058	-177.025042708051
801.792	630.067076704863
802.0782	90.1728580916924
802.3632	161.291788904342
802.6488	-26.5754058504135
802.935	402.571376644159
803.2212	621.731888661166
803.5062	283.90538774974
803.7918	1063.09294334642
804.078	-440.7053413081
804.363	-189.490761334563
804.6492	266.738507110962
804.9348	-134.01891773722
805.221	653.2380002284
805.506	219.507554079398
805.7922	423.791705831594
806.0778	-105.911661782499
806.364	478.398323800532
806.649	-535.280698316942
806.9352	-138.946398301084
807.2208	503.398786489998
807.5058	25.7544121911205
807.792	267.122387281064
808.0782	704.500863265104
808.3638	373.888640686416
808.6488	-20.7147149347111
808.935	67.6929592531014
809.2212	173.109638909842
809.5062	-229.466851181299
809.7918	-487.034218031731
810.078	-166.592697755714
810.3642	-59.1434626086084
810.6492	-53.6887144677503
810.9348	-906.225874530681
811.221	-285.755168854614
811.506	-112.279849156776
811.7922	-139.796183719565
812.0778	-147.307465014172
812.364	-36.8119110497119
812.649	-305.312926414062
812.9352	-7.80658010593561
813.2208	-460.296310651398
813.5058	-52.7824187998212
813.792	365.738085136561
814.0782	189.262810064785
814.3638	-245.209454600945
814.6488	13.3212030916848
814.935	551.858084911912
815.2212	-625.601097777736
815.5062	97.941300450424
815.7918	-278.511369183237
816.078	-242.959145327166
816.3642	-200.403236621853
816.6492	211.153940658253
816.9348	-535.284168138569
817.221	-89.717603233823
817.5072	407.852395879287
817.7922	-344.576644578817
818.0778	375.99880857254
818.364	345.578706231896
818.649	-98.8407073904509
818.9352	-41.254649374202
819.2208	237.333097857706
819.507	-75.0751025826867
819.792	458.516912735122
820.0782	158.114022975143
820.3638	-496.287625132378
820.6488	-303.688152883684
820.935	273.916127223402
821.2212	106.522589441714
821.5068	-513.870150686256
821.7918	867.737788215185
822.078	54.3501457858429
822.3642	-115.035740263033
822.6492	44.5774258001466
822.9348	518.193342600249
823.221	340.811837046135
823.5072	-36.5685662065443
823.7922	-357.950653444493
824.0778	-182.330706484458
824.364	-485.70890300138
824.649	166.910663203587
824.9352	-238.466972707793
825.2208	512.154093700414
825.507	12.7762893939862
825.792	-86.6044796030683
826.0782	6.01681904826819
826.3638	0.636094192886048
826.6488	-336.746830786173
826.935	-517.128228753663
827.2212	-79.5108089624591
827.5068	-406.89595596114
827.7918	251.716244903243
828.078	754.329562012177
828.3642	-489.058679505149
828.6498	214.550148854026
828.9348	-54.8440358951048
829.221	110.762493117633
829.5072	-45.6329128808438
829.7922	40.9671297553778
830.0778	63.5663235822221
830.364	-338.835438673853
830.6502	-111.239512326101
830.9352	-441.648475022349
831.2208	880.94132009148
831.507	334.529763343508
831.792	134.113068472611
832.0782	-291.303946436637
832.3638	-265.725050481333
832.65	12.8520945513355
832.935	-237.576225360108
833.2212	-188.005290026173
833.5068	-267.438793940981
833.7918	403.123189907837
834.078	178.684106497157
834.3642	-16.7585117900699
834.6498	-322.205916286578
834.9348	30.3418223833232
835.221	42.8880580452978
835.5072	-140.569614835616
835.7922	-137.03352484049
836.0778	463.499650003921
836.364	289.029807489812
836.6502	25.5557462773049
836.9352	-326.924788678903
837.2208	6.59142055895882
837.507	-343.895730145349
837.7932	-513.387406811747
838.0782	-434.885788696417
838.3638	845.612230385179
838.65	185.106544368376
838.935	112.593982992488
839.2212	168.078574335527
839.5068	173.557178711142
839.793	-61.9682619297882
840.078	13.4992460694484
840.3642	-360.036390349609
840.6498	-29.5781377064059
840.9348	1160.87400655376
841.221	-93.6771481346632
841.5072	-445.233546497944
841.7928	-565.796131997995
842.0778	-282.364901326324
842.364	-427.937177511203
842.6502	-301.51481747347
842.9352	-188.099588269726
843.2208	-74.688880326421
843.507	-664.282757662517
843.7932	360.117881121471
844.0782	-476.488639202317
844.3638	458.900157119731
844.65	1141.28422123786
844.935	-288.338855763847
845.2212	76.0340892999993
845.5068	296.400682479062
845.793	590.76245315871
846.078	78.1171327704478
846.3642	-266.532302813061
846.6498	325.811913079516
846.9348	-288.850195047505
847.221	-124.516521741148
847.5072	-99.1885124813634
847.7928	315.133151981217
848.0778	-98.5515035748394
848.364	-193.2405162385
848.6502	114.06475023901
848.9358	-365.636402355757
849.2208	-83.3440264335086
849.507	-110.056383145538
849.7932	658.225194409681
850.0782	886.499474758411
850.3638	-481.231879469194
850.65	-175.968996822404
850.9362	293.287462101503
851.2212	-554.463626603639
851.5068	-229.220759409882
851.793	-273.984067113292
852.078	651.244893766917
852.3642	-0.532038003163507
852.6498	269.683623900225
852.936	254.892687144694
853.221	67.0937255324943
853.5072	67.2882889238954
853.7928	-318.525012218292
854.0778	-42.3462731930395
854.364	422.825467960423
854.6502	-140.010701020944
854.9358	-329.855241785759
855.2208	-19.7082460337597
855.507	200.431045912376
855.7932	139.56185424323
856.0782	124.683541283094
856.3638	73.7967601090077
856.65	280.901312532806
856.9362	-464.003192139131
857.2212	-259.917236166487
857.5068	-17.8403715145096
857.793	-52.772777105979
858.0792	-66.7147450359143
858.3642	-425.66657844465
858.6498	-28.6280626543094
858.936	222.400620384421
859.221	541.419201625577
859.5072	-253.5722828377
859.7928	290.425961368445
860.079	-23.5861937245199
860.364	-201.608758805006
860.6502	-397.642044275212
860.9358	7.31400562417639
861.2208	995.259338810014
861.507	-143.80655866389
861.7932	178.116328583963
862.0788	841.02799215112
862.3638	3.92829955794241
862.65	304.816379445148
862.9362	-132.307579046309
863.2212	-674.443185085581
863.5068	-236.591461299364
863.793	39.2473087240051
864.0792	-492.926782731708
864.3642	-393.113129465049
864.6498	-406.313071987317
864.936	27.4731009472698
865.221	-269.753427915613
865.5072	439.005228432912
865.7928	-194.249620406453
866.079	-293.519048493778
866.364	-172.801280130495
866.6502	-632.098654756351
866.9358	-253.409308790579
867.2208	367.266882324439
867.507	358.927867053176
867.7932	-373.424982954465
868.0788	144.209152738768
868.3638	-290.169602246392
868.65	-204.563646005034
868.9362	-477.971375222299
869.2218	32.6081451207201
869.5068	30.1750377078679
869.793	192.726561634009
870.0792	-467.735420459856
870.3642	316.791299980319
870.6498	324.303992358753
870.936	-684.197207886127
871.2222	-69.7110723115302
871.5072	-400.235150143182
871.7928	-243.77249554445
872.079	-100.322967604115
872.364	470.117149972745
872.6502	95.5433599679063
872.9358	-217.040547996838
873.222	-27.6368093541914
873.507	-371.241422562623
873.7932	-349.859261520651
874.0788	-332.486256832647
874.3638	-873.122120696521
874.65	312.229344919455
874.9362	255.571049026503
875.2218	379.904654441016
875.5068	341.230471497972
875.793	347.54446513111
876.0792	548.849707813714
876.3642	-380.85058136831
876.6498	-476.56054744069
876.936	703.720010087471
877.2222	172.992827223487
877.5072	110.261252662612
877.7928	103.520940616056
878.079	-238.227902082904
878.3652	580.016525384391
878.6502	-164.742325323974
878.9358	-96.5090242457882
879.222	-242.283417476846
879.507	196.939576818973
879.7932	0.153608708495995
880.0788	-323.63620357317
880.365	206.567015046141
880.65	-368.231515222155
880.9362	-276.038325570726
881.2218	-249.848164250518
881.5068	586.339190579301
881.793	-350.481214689804
882.0792	72.6942261704753
882.3648	-882.132551945721
882.6498	-241.961332058914
882.936	192.20284352004
883.2222	-274.636295560594
883.5072	608.525046517929
883.7928	119.681839248487
884.079	72.8343228366575
884.3652	-611.015475536006
884.6502	1567.13627815641
884.9358	-479.715510392128
885.222	635.429405505314
885.507	433.576664885852
885.7932	-175.280655545632
886.0788	-820.136909719537
886.365	75.0045627872314
886.65	-530.850580572341
886.9362	253.290716673034
887.2218	-551.565890383516
887.5068	290.579838046852
887.793	391.722748254327
888.0792	-275.133320524106
888.3648	55.0136632762278
888.6498	-77.8360695260026
888.936	297.312359045683
889.2222	-320.5372288645
889.5078	20.617181696769
889.7928	54.7758155073634
890.079	-576.066393594069
890.3652	71.0943433266666
890.6502	-56.7382341536158
890.9358	363.43084482177
891.222	234.601842009888
891.5082	-415.223242336658
891.7932	-142.040684897419
892.0788	414.144636764221
892.365	266.333050640726
892.65	-380.470055917634
892.9362	410.728853676681
893.2218	-51.0648662314652
893.508	-166.854250484967
893.793	-458.634055135725
894.0792	-117.410547369615
894.3648	-102.178523779478
894.6498	-85.9377299191974
894.936	-528.692638770008
895.2222	-436.439737711365
895.5078	-398.177185554879
895.7928	-1154.90469347131
896.079	304.373680976159
896.3652	115.661574337807
896.6502	-175.037536315098
896.9358	265.272453247486
897.222	251.592163322938
897.5082	-153.076389812032
897.7932	-2.72992562983745
898.0788	452.627940980803
898.365	-474.002155763076
898.65	505.384255659278
898.9362	-508.217438410584
899.2218	-287.802855768495
899.508	245.626098220984
899.793	-785.92648326949
900.0792	-11.4647001544699
900.3648	310.015442513951
900.651	402.512339996365
900.936	343.029681098981
901.2222	25.5639848822839
901.5078	-2.8811774773967
901.7928	-320.305349019569
902.079	-75.7105621742239
902.3652	17.9055974071161
902.6508	507.544450611157
902.9358	-835.793560279711
903.222	581.89008381611
903.5082	1053.59743936838
903.7932	334.330165587305
904.0788	490.087079499145
904.365	776.868921018335
904.6512	1316.67666808022
904.9362	936.51082776235
905.2218	40.3699916508003
905.508	1003.25403838602
905.793	846.163338294447
906.0792	881.096846366682
906.3648	164.054777390379
906.651	377.036672893561
906.936	186.042291338352
907.2222	229.071398818806
907.5078	-290.876394668291
907.7928	601.198485513366
908.079	446.296303291932
908.3652	462.416509098336
908.6508	297.558499454408
908.9358	-159.278187114272
909.222	639.907050474787
909.5082	206.113025365568
909.7938	-370.661301926645
910.0788	-511.416597610188
910.365	-116.151796837534
910.6512	-413.868433722831
910.9362	-146.568353371998
911.2218	-47.2502576936758
911.508	-152.914579897119
911.7942	216.437485281817
912.0792	-834.196181661883
912.3648	-41.813857373565
912.651	52.5840112872047
912.936	-110.005664346748
913.2222	-164.579942691615
913.5078	163.85814394
913.794	-255.689934205894
914.079	236.772572026335
914.3652	428.249187619399
914.6508	-642.263415924333
914.9358	378.234319617175
915.222	634.745204209967
915.5082	-14.7332052368056
915.7938	-52.2024055248967
916.0788	334.337170869417
916.365	138.888593519351
916.6512	-638.550759945028
916.9362	220.016333570208
917.2218	154.593059540378
917.508	-135.820925769058
917.7942	93.772668499978
918.0792	-215.629223365363
918.3648	-132.023375384567
918.651	-431.410278328784
918.936	49.205664198078
919.2222	-267.170892392247
919.5078	645.455615760629
919.794	1334.08728864062
920.079	178.719612498753
920.3652	105.357380694818
920.6508	77.9960603121845
920.937	148.63780247537
921.222	-603.721963209393
921.5082	-627.078376767949
921.7938	-424.435982984075
922.0788	-56.7951547072034
922.365	45.8478124693011
922.6512	-203.510124060327
922.9368	-442.87064986854
923.2218	-927.234097582275
923.508	343.403205891595
923.7942	-205.961766926068
924.0792	58.6679946223858
924.3648	-505.703864972507
924.651	-398.077706910251
924.9372	-183.455197724923
925.2222	-241.83926565197
925.5078	-226.226349237651
925.794	488.383181704015
926.079	57.9852128859548
926.3652	109.584700338708
926.6508	-374.822209908102
926.937	-708.233093756363
927.222	-530.651707368216
927.5082	221.926777384714
927.7938	-242.501362227642
928.0788	462.063840510845
928.365	-518.374129656321
928.6512	-5.81773209484345
928.9368	503.731816709196
929.2218	151.274485176205
929.508	-67.1863851241687
929.7942	612.346840754234
930.0798	724.872995756607
930.3648	315.392032630134
930.651	-232.092944817522
930.9372	26.4156916311276
931.2222	-353.084322814228
931.5078	-710.589982077565
931.794	-317.101501450454
932.0802	15.3798998365473
932.3652	-471.147924459438
932.6508	453.317858271866
932.937	-96.2229716119427
933.222	735.226549743029
933.5082	644.670034803739
933.7938	-111.89550325184
934.08	-203.468412232261
934.365	-307.051524352883
934.6512	343.358503767447
934.9368	-151.241077943461
935.2218	-85.85035233282
935.508	64.5329816943695
935.7942	202.907120939951
936.0798	-129.728828773857
936.3648	-571.374946804017
936.651	229.970833502668
936.9372	-219.693137086701
937.2222	-786.368344439406
937.5078	164.94715557354
937.794	-445.746838800479
938.0802	188.548859815005
938.3652	-181.167061852737
938.6508	-215.892915072641
938.937	-771.628845245051
939.222	-645.376321032635
939.5082	-147.132996875575
939.7938	-489.900216731646
940.08	-298.676783109358
940.365	-370.463852385565
940.6512	142.740587580696
940.9368	448.935440141049
941.223	56.1217434273922
941.508	680.298571832254
941.7942	335.467633477072
942.0798	-57.3719430266256
942.3648	-340.219887785164
942.651	140.92495304875
942.9372	-465.937857758521
943.2228	-184.808383416824
943.5078	290.313547876305
943.794	-61.5712097802962
944.0802	813.536922379122
944.3652	806.637642243684
944.6508	-323.268285430303
944.937	91.8192031832314
945.2232	29.9000107042948
945.5082	-35.0260531041959
945.7938	-130.958393992486
946.08	-41.8969454414755
946.365	-293.841967420764
946.6512	-267.792889890824
946.9368	331.250066081325
947.223	5.28718823714826
947.508	256.31835307381
947.7942	23.3438535432633
948.0798	-401.636473850653
948.3648	-404.622577706946
948.651	83.3856267346328
948.9372	1130.38808405123
949.2228	128.384822281772
949.5078	16.3758924465337
949.794	369.361235332043
950.0802	-242.659108247994
950.3658	-128.685062644661
950.6508	23.2834227816184
950.937	-163.753853632731
951.2232	-93.7967558531955
951.5082	128.154946408977
951.7938	-88.899019200473
952.08	-715.958632259252
952.3662	-1025.02356806944
952.6512	83.9067346746633
952.9368	-339.167892625686
953.223	127.752776625447
953.508	-337.330488924069
953.7942	-666.418133773051
954.0798	375.490636871334
954.366	147.395696826668
954.651	-344.702090315686
954.9372	-256.803291341645
955.2228	-246.907022971224
955.5078	537.986987225107
955.794	-286.121681484284
956.0802	1234.76766970707
956.3658	-309.344463515236
956.6508	-367.457810700986
956.937	176.427169606667
957.2232	-84.688785201859
957.5082	-427.804922069289
957.7938	119.078288711085
958.08	612.961106757284
958.3662	325.84404010412
958.6512	-189.272160126473
958.9368	60.61203207575
959.223	525.496882921359
959.508	-360.616625396503
959.7942	-4.72918663783275
960.0798	169.160173252426
960.366	-72.9487480416956
960.651	-336.055028561696
960.9372	-435.159390799179
961.2228	204.738983289129
961.509	141.63982148154
961.794	1231.54389277783
962.0802	611.450543864747
962.3658	-836.639474537483
962.6508	96.2739714250683
962.937	-366.809500151619
963.2232	-215.889362756105
963.5088	-498.965305849123
963.7938	152.962800536951
964.08	365.894669033398
964.3662	700.830765721713
964.6512	-287.22851415535
964.9368	147.71658898171
965.223	94.6662271136656
965.5092	-146.379361903061
965.7942	331.58009993103
966.0798	246.544458106695
966.366	-307.486138586361
966.651	166.488602944941
966.9372	308.468587316177
967.2228	-228.545925653361
967.509	92.4451205813511
967.794	-88.5581184810962
968.0802	28.4444472014493
968.3658	529.452936902903
968.6508	87.4674299145054
968.937	-542.511845958428
969.2232	226.515122499812
969.5088	-133.451903915771
969.7938	479.58681869943
970.08	184.631334222758
970.3662	481.681271745627
970.6512	1432.73616951977
970.9368	-166.203860447704
971.223	604.860993806075
971.5092	-31.0696085606323
971.7942	335.003794628339
972.0798	356.081435013564
972.366	336.163119043589
972.6522	204.248467833097
972.9372	-302.663117804716
973.2228	-173.571308664701
973.509	531.523675365061
973.794	120.620906109874
974.0802	-275.279141375565
974.3658	-243.177431581738
974.652	43.9261185110527
974.937	-571.96948951522
975.2232	-151.863720300775
975.5088	55.2424207579907
975.7938	-611.651411766547
976.08	485.455109955462
976.3662	-231.438805744488
976.6518	-15.3337235012805
976.9368	-9.22998009674302
977.223	111.872732666151
977.5092	-445.026369562471
977.7942	317.071958611993
978.0798	-79.8320007549555
978.366	714.261388727259
978.6522	-135.64842642472
978.9372	482.437849491126
979.2228	111.520426112072
979.509	-205.401068918185
979.794	113.67253794499
980.0802	-192.258481200408
980.3658	302.805077140306
980.652	60.8631316608189
980.937	43.9149888983839
981.2232	-194.039262203744
981.5088	79.9997235886121
981.795	-416.968238276861
982.08	-199.943648849493
982.3662	-79.9265257045636
982.6518	-489.917199909492
982.9368	-266.915821331899
983.223	-390.922606105548
983.5092	-158.937777536605
983.7948	-23.9614773141602
984.0798	-293.993850277297
984.366	36.9646717583255
984.6522	-241.085994081411
984.9372	-250.145776737801
985.2228	-27.2152234761179
985.509	-877.294594463921
985.7952	-596.383954545031
986.0802	240.516934611323
986.3658	-669.592641917386
986.652	-199.712556268198
986.937	-308.841753136955
987.2232	144.018950200589
987.5088	-51.129330000741
987.795	151.713054404853
988.08	-461.452607568134
988.3662	-179.627440270026
988.6518	-616.810100544477
988.9368	-450.000267710924
989.223	-101.198897260695
989.5092	-97.4049333193279
989.7948	431.382349932596
990.0798	-381.836733633174
990.366	-69.0633187334506
990.6522	47.7037818136696
990.9372	112.465889855833
991.2228	-42.7781652160575
991.509	-138.028104792074
991.7952	27.7168933165067
992.0802	159.45824300067
992.3658	718.194638594084
992.652	-92.0736333896939
992.9382	266.654291628129
993.2232	-321.62010878534
993.5088	21.1017562774559
993.795	-459.179818766302
994.08	372.537258654394
994.3662	-50.7490797421833
994.6518	-61.0367264059314
994.938	-248.326566572755
995.223	111.383582926863
995.5092	-294.908353174324
995.7948	141.799823419416
996.0798	635.508479261172
996.366	-377.783860817226
996.6522	180.924396728416
996.9378	-751.365772909081
997.2228	-224.654012371972
997.509	307.058227377843
997.7952	-448.227470116283
998.0802	-407.509555870224
998.3658	-204.789454926461
998.652	227.933215964974
998.9382	459.659414744486
999.2232	331.390621906581
999.5088	-258.874555453528
999.795	-387.135782234121
1000.08	552.608877444223
1000.3662	494.357581960152
1000.6518	-88.8877640374039
1000.938	333.872117739321
1001.223	152.639026530279
1001.5092	321.411308075066
1001.7948	-139.809277379341
1002.081	27.9766524907145
1002.366	257.770729219462
1002.6522	-29.4284726708765
1002.9378	481.380631598459
1003.2228	-273.801700856774
1003.509	52.0237023999889
1003.7952	268.857885283478
1004.0808	-166.298584568517
1004.3658	-455.445517598041
1004.652	-20.5835651788175
1004.9382	-317.711840469588
1005.2232	117.170379646849
1005.5088	-442.937433410184
1005.795	-433.034967418546
1006.0812	339.878263526373
1006.3662	-24.1971977229941
1006.6518	418.738384413215
1006.938	126.685328387217
1007.223	-188.355821754214
1007.5092	593.614835150302
1007.7948	345.597768578573
1008.081	-230.406859027015
1008.366	365.601119438106
1008.6522	-39.3780646888908
1008.9378	455.655661801406
1009.2228	75.7023805260615
1009.509	118.762591881166
1009.7952	-560.163708416144
1010.0808	-130.076553166343
1010.3658	354.024135118793
1010.652	67.1391997601568
1010.9382	431.268410613803
1011.2232	166.411300531442
1011.5088	-69.4311094127725
1011.795	-13.2585641638807
1012.0812	167.928785161989
1012.3662	-103.869825945322
1012.6518	920.346742737824
1012.938	625.578448917686
1013.2242	-292.175282697579
1013.5092	161.084289086468
1013.7948	228.358623576099
1014.081	490.647675073311
1014.366	653.949446542078
1014.6522	-398.733656127182
1014.9378	156.596282463988
1015.224	104.940513032212
1015.509	-339.703306794593
1015.7952	208.667687052554
1016.0808	-334.948931959679
1016.3658	-620.553381256062
1016.652	196.856734132232
1016.9382	24.2795951440557
1017.2238	307.714086047345
1017.5088	75.1599399187098
1017.795	306.619822371605
1018.0812	580.091692012441
1018.3662	427.573306615385
1018.6518	-517.932517581928
1018.938	-194.425897036752
1019.2242	-42.9080477392199
1019.5092	-872.381399938624
1019.7948	333.157149402889
1020.081	527.707479068031
1020.366	-316.734093907232
1020.6522	-250.163056224037
1020.9378	191.4168245705
1021.224	147.007697647366
1021.509	-55.3944887350517
1021.7952	471.214993290193
1022.0808	323.832033462782
1022.367	254.458917499085
1022.652	387.091371026286
1022.9382	209.734413615839
1023.2238	224.383720081864
1023.5088	-184.961062034702
1023.795	-122.296077654808
1024.0812	-361.624377865153
1024.3668	110.052301809696
1024.6518	-819.26638338368
1024.938	198.42358260362
1025.2242	200.119052300403
1025.5092	214.816849774107
1025.7948	-843.478843847018
1026.081	-657.768207101552
1026.3672	-115.052925386184
1026.6522	657.663763660891
1026.9378	-78.6138368725296
1027.224	-19.8859108137194
1027.509	213.842741858396
1027.7952	-268.421953095905
1028.0808	-89.684818859916
1028.367	104.057031138659
1028.652	-125.201288006715
1028.9382	31.546259175253
1029.2238	-69.705230137637
1029.5088	285.044014351614
1029.795	269.798497914931
1030.0812	-295.445169342076
1030.3668	796.311182192423
1030.6518	231.067304778679
1030.938	-670.172260663052
1031.2242	-428.410934996101
1031.5092	-123.652154013353
1031.7948	-220.891365597387
1032.081	-181.128806302535
1032.3672	552.633686030001
1032.6522	-156.607323267154
1032.9378	-88.8472777455499
1033.224	-301.08641997249
1033.5102	313.673412767263
1033.7952	21.4288452310211
1034.0808	14.1846264832984
1034.367	25.9407654959195
1034.652	-182.307472741269
1034.9382	-256.553740803536
1035.2238	-460.802766131617
1035.51	-720.051376540976
1035.795	-578.304277382461
1036.0812	-722.555160495379
1036.3668	-211.808724083713
1036.6518	-670.064944459355
1036.938	-171.319110720622
1037.2242	89.4256599996115
1037.5098	577.167826471129
1037.7948	446.907411959487
1038.081	196.649127498924
1038.3672	-350.609994189987
1038.6522	-107.872880280072
1038.9378	-356.134699198982
1039.224	-58.3952792338132
1039.5102	5.34400368658316
1039.7952	61.0802246811245
1040.0808	202.818207485482
1040.367	58.558128206997
1040.652	128.295505894049
1040.9382	745.036724752435
1041.2238	-53.2227002516547
1041.51	455.520517556818
1041.795	510.261874292621
1042.0812	622.007787669327
1042.3668	221.75369540531
1042.6518	-297.500487292578
1042.938	28.249829107971
1043.2242	283.001381265733
1043.5098	-25.2475358883139
1043.7948	132.502945778057
1044.081	201.257443676086
1044.3672	-685.987326230564
1044.6528	-485.23307513905
1044.9378	80.5200682432687
1045.224	151.276736558265
1045.5102	82.0336335066859
1045.7952	347.787458958784
1046.0808	-89.4571515706957
1046.367	-231.700323919248
1046.6532	407.056243653521
1046.9382	-383.190670872872
1047.2238	-7.43634690969702
1047.51	327.319176480304
1047.795	582.071112107396
1048.0812	-874.174244799788
1048.3668	102.578321337251
1048.653	-84.6680643643067
1048.938	-425.918176623743
1049.2242	88.8342625422056
1049.5098	-326.415517890363
1049.7948	-237.667550520574
1050.081	-99.9171503163752
1050.3672	-259.167505057614
1050.6528	-389.420220803252
1050.9378	-108.675314066888
1051.224	337.071956853281
1051.5102	488.818508922334
1051.7952	-125.438728851087
1052.0808	-268.69500854354
1052.367	358.049720964703
1052.6532	-115.206048269079
1052.9382	481.534621114283
1053.2238	-553.723536870445
1053.51	693.019530277904
1053.7962	-402.237681206686
1054.0812	-402.498229300268
1054.3668	8.24261163188203
1054.653	8.98489547235749
1054.938	515.724008778784
1055.2242	49.4662222760617
1055.5098	324.206881382316
1055.796	216.949103363293
1056.081	-131.311774647485
1056.3672	-738.569523221334
1056.6528	391.171194682671
1056.9378	-475.089615865119
1057.224	-135.347280972403
1057.5102	-609.604907691834
1057.7958	410.13595275952
1058.0808	929.875305320121
1058.367	167.617824978372
1058.6532	280.360404038904
1058.9382	-151.900066188875
1059.2238	-95.158909970145
1059.51	-366.416121620814
